% Predefined color pallete
blue80 = [0 45 156] / 255;
teal50 = [0 157 154] / 255;
magenta70 = [159 24 83] / 255;
red90 = [87 4 8] / 255;
purple50 = [165 110 255] / 255;


% Define RGB values for blue color palette
navy_blue = [0.00, 0.00, 0.50];
royal_blue = [0.25, 0.41, 0.88];
steel_blue = [0.27, 0.51, 0.71];
baby_blue = [0.54, 0.81, 0.94];
light_blue = [0.68, 0.85, 0.90];
powder_blue = [0.69, 0.88, 0.90];
sky_blue = [0.53, 0.81, 0.92];
cornflower_blue = [0.39, 0.58, 0.93];
dodger_blue = [0.12, 0.56, 1.00];
deep_sky_blue = [0.00, 0.75, 1.00];

% Define RGB values for red color palette
dark_red = [0.55, 0, 0];
maroon = [0.69, 0.19, 0.38];
crimson = [0.86, 0.08, 0.24];
tomato = [1.00, 0.39, 0.28];
coral = [1.00, 0.50, 0.31];
orange_red = [1.00, 0.27, 0.00];
firebrick = [0.70, 0.13, 0.13];
indian_red = [0.80, 0.36, 0.36];
salmon = [0.98, 0.50, 0.45];
light_salmon = [1.00, 0.63, 0.48];

% Define RGB values for green color palette
dark_green = [0.00, 0.20, 0.13];
forest_green = [0.13, 0.55, 0.13];
lime_green = [0.20, 0.80, 0.20];
green_yellow = [0.68, 1.00, 0.18];
olive_drab = [0.42, 0.56, 0.14];
spring_green = [0.00, 1.00, 0.50];
sea_green = [0.18, 0.55, 0.34];
medium_aqua_green = [0.40, 0.80, 0.67];
chartreuse = [0.50, 1.00, 0.00];
pale_green = [0.60, 0.98, 0.60];

% Define RGB values for purple color palette
indigo = [0.29, 0.00, 0.51];
purple = [0.50, 0.00, 0.50];
dark_orchid = [0.60, 0.20, 0.80];
dark_violet = [0.58, 0.00, 0.83];
medium_orchid = [0.73, 0.33, 0.83];
medium_purple = [0.58, 0.44, 0.86];
orchid = [0.85, 0.44, 0.84];
violet = [0.93, 0.51, 0.93];
plum = [0.87, 0.63, 0.87];
lavender = [0.90, 0.90, 0.98];

% Colors in array
% Define RGB values for purple color palette
purple_palette = [  
    0.29, 0.00, 0.51;   % indigo    
    0.50, 0.00, 0.50;   % purple    
    0.60, 0.20, 0.80;   % dark orchid    
    0.58, 0.00, 0.83;   % dark violet    
    0.73, 0.33, 0.83;   % medium orchid    
    0.58, 0.44, 0.86;   % medium purple    
    0.85, 0.44, 0.84;   % orchid    
    0.93, 0.51, 0.93;   % violet    
    0.87, 0.63, 0.87;   % plum    
    0.90, 0.90, 0.98    % lavender
];

% Define RGB values for blue color palette
blue_palette = [
    0.12, 0.47, 0.71;   % dark blue
    0.00, 0.62, 0.81;   % blue
    0.17, 0.63, 0.85;   % medium blue
    0.30, 0.68, 0.87;   % sky blue
    0.49, 0.73, 0.87;   % light blue
    0.63, 0.79, 0.95;   % pale blue
    0.75, 0.85, 0.93;   % powder blue
    0.80, 0.92, 0.95;   % light steel blue
    0.86, 0.93, 0.96;   % sky blue
    0.93, 0.95, 0.97    % light blue
];

% Define RGB values for red color palette
red_palette = [
    0.55, 0.00, 0.00;   % dark red
    0.69, 0.19, 0.38;   % maroon
    0.86, 0.08, 0.24;   % crimson
    1.00, 0.39, 0.28;   % tomato
    1.00, 0.50, 0.31;   % coral
    1.00, 0.27, 0.00;   % orange red
    0.70, 0.13, 0.13;   % firebrick
    0.80, 0.36, 0.36;   % indian red
    0.98, 0.50, 0.45;   % salmon
    1.00, 0.63, 0.48    % light salmon
];

% Define RGB values for green color palette
green_palette = [
    0.00, 0.20, 0.13;   % dark green
    0.13, 0.55, 0.13;   % forest green
    0.20, 0.80, 0.20;   % lime green
    0.68, 1.00, 0.18;   % green yellow
    0.42, 0.56, 0.14;   % olive drab
    0.00, 1.00, 0.50;   % spring green
    0.18, 0.55, 0.34;   % sea green
    0.40, 0.80, 0.67;   % medium aqua green
    0.50, 1.00, 0.00;   % chartreuse
    0.60, 0.98, 0.60    % pale green
];

% Define RGB values for yellow color palette
yellow_palette = [   
    1.00, 0.84, 0.00;   % yellow orange    
    1.00, 0.75, 0.00;   % dark goldenrod    
    1.00, 0.55, 0.00;   % orange    
    1.00, 0.27, 0.00;   % red orange    
    1.00, 0.08, 0.58    % deep pink
    1.00, 1.00, 0.00;   % yellow    
    1.00, 0.98, 0.80;   % light yellow    
    1.00, 1.00, 0.70;   % pale yellow    
    1.00, 0.96, 0.55;   % lemon yellow    
    1.00, 0.85, 0.00;   % golden yellow    
];

% Define RGB values for brown color palette
brown_palette = [
    0.60, 0.40, 0.12;   % brown
    0.40, 0.26, 0.13;   % chocolate
    0.55, 0.27, 0.07;   % sienna
    0.75, 0.51, 0.38;   % sandy brown
    0.87, 0.72, 0.53;   % wheat
    0.91, 0.76, 0.65;   % tan
    0.96, 0.87, 0.70;   % beige
    0.80, 0.52, 0.25;   % orange brown
    0.55, 0.27, 0.08;   % dark brown
    0.30, 0.16, 0.07    % very dark brown
];

